{
 "metadata": {
  "name": "linalg"
 },
 "nbformat": 3,
 "worksheets": [
  {
   "cells": [
    {
     "cell_type": "markdown",
     "source": [
      "dot products in numpy"
     ]
    },
    {
     "cell_type": "code",
     "collapsed": true,
     "input": [
      "import numpy as np",
      "import numpy.linalg"
     ],
     "language": "python",
     "outputs": [],
     "prompt_number": 1
    },
    {
     "cell_type": "code",
     "collapsed": false,
     "input": [
      "a = np.column_stack([x * np.ones(10) for x in range(5)])"
     ],
     "language": "python",
     "outputs": [],
     "prompt_number": 4
    },
    {
     "cell_type": "code",
     "collapsed": false,
     "input": [
      "print a",
      "print 'shape', a.shape"
     ],
     "language": "python",
     "outputs": [
      {
       "output_type": "stream",
       "stream": "stdout",
       "text": [
        "[[ 0.  1.  2.  3.  4.]",
        " [ 0.  1.  2.  3.  4.]",
        " [ 0.  1.  2.  3.  4.]",
        " [ 0.  1.  2.  3.  4.]",
        " [ 0.  1.  2.  3.  4.]",
        " [ 0.  1.  2.  3.  4.]",
        " [ 0.  1.  2.  3.  4.]",
        " [ 0.  1.  2.  3.  4.]",
        " [ 0.  1.  2.  3.  4.]",
        " [ 0.  1.  2.  3.  4.]]",
        "shape (10, 5)"
       ]
      }
     ],
     "prompt_number": 7
    },
    {
     "cell_type": "code",
     "collapsed": false,
     "input": [
      "np.dot(a , a.T)"
     ],
     "language": "python",
     "outputs": [
      {
       "output_type": "pyout",
       "prompt_number": 8,
       "text": [
        "array([[ 30.,  30.,  30.,  30.,  30.,  30.,  30.,  30.,  30.,  30.],",
        "       [ 30.,  30.,  30.,  30.,  30.,  30.,  30.,  30.,  30.,  30.],",
        "       [ 30.,  30.,  30.,  30.,  30.,  30.,  30.,  30.,  30.,  30.],",
        "       [ 30.,  30.,  30.,  30.,  30.,  30.,  30.,  30.,  30.,  30.],",
        "       [ 30.,  30.,  30.,  30.,  30.,  30.,  30.,  30.,  30.,  30.],",
        "       [ 30.,  30.,  30.,  30.,  30.,  30.,  30.,  30.,  30.,  30.],",
        "       [ 30.,  30.,  30.,  30.,  30.,  30.,  30.,  30.,  30.,  30.],",
        "       [ 30.,  30.,  30.,  30.,  30.,  30.,  30.,  30.,  30.,  30.],",
        "       [ 30.,  30.,  30.,  30.,  30.,  30.,  30.,  30.,  30.,  30.],",
        "       [ 30.,  30.,  30.,  30.,  30.,  30.,  30.,  30.,  30.,  30.]])"
       ]
      }
     ],
     "prompt_number": 8
    },
    {
     "cell_type": "code",
     "collapsed": false,
     "input": [
      "np.asmatrix(a) * np.asmatrix(a).T"
     ],
     "language": "python",
     "outputs": [
      {
       "output_type": "pyout",
       "prompt_number": 9,
       "text": [
        "matrix([[ 30.,  30.,  30.,  30.,  30.,  30.,  30.,  30.,  30.,  30.],",
        "        [ 30.,  30.,  30.,  30.,  30.,  30.,  30.,  30.,  30.,  30.],",
        "        [ 30.,  30.,  30.,  30.,  30.,  30.,  30.,  30.,  30.,  30.],",
        "        [ 30.,  30.,  30.,  30.,  30.,  30.,  30.,  30.,  30.,  30.],",
        "        [ 30.,  30.,  30.,  30.,  30.,  30.,  30.,  30.,  30.,  30.],",
        "        [ 30.,  30.,  30.,  30.,  30.,  30.,  30.,  30.,  30.,  30.],",
        "        [ 30.,  30.,  30.,  30.,  30.,  30.,  30.,  30.,  30.,  30.],",
        "        [ 30.,  30.,  30.,  30.,  30.,  30.,  30.,  30.,  30.,  30.],",
        "        [ 30.,  30.,  30.,  30.,  30.,  30.,  30.,  30.,  30.,  30.],",
        "        [ 30.,  30.,  30.,  30.,  30.,  30.,  30.,  30.,  30.,  30.]])"
       ]
      }
     ],
     "prompt_number": 9
    },
    {
     "cell_type": "markdown",
     "source": [
      "SVD"
     ]
    },
    {
     "cell_type": "code",
     "collapsed": true,
     "input": [
      "a = np.random.random((10,1))"
     ],
     "language": "python",
     "outputs": [],
     "prompt_number": 25
    },
    {
     "cell_type": "code",
     "collapsed": false,
     "input": [
      "a = np.dot(a,a.T)"
     ],
     "language": "python",
     "outputs": [],
     "prompt_number": 27
    },
    {
     "cell_type": "code",
     "collapsed": false,
     "input": [
      "np.linalg.svd(a)"
     ],
     "language": "python",
     "outputs": [
      {
       "output_type": "pyout",
       "prompt_number": 29,
       "text": [
        "(array([[-0.35816197,  0.70964154,  0.27531345, -0.04102462, -0.15538231,",
        "        -0.08092119, -0.02246879, -0.47955851, -0.13712737,  0.1033022 ],",
        "       [-0.32743717, -0.00920579, -0.30797497, -0.26805338,  0.70220637,",
        "         0.07334049, -0.28228527, -0.01203719, -0.3070579 ,  0.23111019],",
        "       [-0.26659239, -0.30662513,  0.07244845,  0.66519634, -0.13306362,",
        "        -0.15222633, -0.03259995, -0.0078576 , -0.28257676,  0.51509385],",
        "       [-0.39225618, -0.0921205 , -0.73953424,  0.08175461, -0.2822658 ,",
        "        -0.12802319,  0.02652921, -0.27805666,  0.20662518, -0.25937812],",
        "       [-0.18721674, -0.0669603 ,  0.15893406,  0.16682146,  0.50435147,",
        "        -0.12235489,  0.68962069, -0.16988419,  0.36330991, -0.04005283],",
        "       [-0.10245139, -0.11090682,  0.08642525,  0.14424763,  0.02088964,",
        "         0.20952407,  0.24429507, -0.03960284, -0.68533267, -0.61127788],",
        "       [-0.2557373 , -0.05870845, -0.04781615, -0.23669199, -0.2650131 ,",
        "         0.74533686,  0.34898135,  0.10475862,  0.02959825,  0.3368158 ],",
        "       [-0.49258346,  0.24118664,  0.07515311, -0.0099222 , -0.06946426,",
        "        -0.23436611,  0.03287642,  0.77902366,  0.0655266 , -0.14642025],",
        "       [-0.22741327, -0.03410114,  0.24170198,  0.38205064,  0.16746025,",
        "         0.47379292, -0.49202872, -0.06260778,  0.39429146, -0.29788817],",
        "       [-0.36642225, -0.56058399,  0.42203161, -0.47599723, -0.16575793,",
        "        -0.23389068, -0.1335131 , -0.20074988,  0.04535906, -0.06657357]]),",
        " array([  3.25168990e+00,   1.89258685e-16,   1.32024016e-16,",
        "         6.42898745e-17,   4.72667110e-17,   4.14290545e-17,",
        "         3.14465600e-17,   2.70528531e-17,   1.20165717e-17,",
        "         6.53287476e-18]),",
        " array([[-0.35816197, -0.32743717, -0.26659239, -0.39225618, -0.18721674,",
        "        -0.10245139, -0.2557373 , -0.49258346, -0.22741327, -0.36642225],",
        "       [ 0.71938236,  0.11620911,  0.16262867, -0.11593355, -0.22511083,",
        "        -0.11038834, -0.32542959, -0.35235884, -0.29144909,  0.22634396],",
        "       [-0.04760764, -0.22092256,  0.16715831, -0.60078762, -0.14353066,",
        "        -0.11748321, -0.19714014,  0.65369137, -0.12606032,  0.20872916],",
        "       [ 0.17475785,  0.45427811,  0.19461749, -0.15107157,  0.12150858,",
        "         0.01148129, -0.13059824,  0.2114664 , -0.04038016, -0.78999484],",
        "       [ 0.22426884, -0.48377048,  0.25475488,  0.19639336, -0.4746699 ,",
        "        -0.02232516,  0.50331788,  0.09190864, -0.12863412, -0.32873463],",
        "       [-0.34075717,  0.57148285,  0.20465868, -0.19113607, -0.38270761,",
        "        -0.30601681,  0.4054701 , -0.15855827, -0.13706864,  0.17443562],",
        "       [-0.23100075, -0.01797453,  0.17896106,  0.3271478 ,  0.27632006,",
        "         0.04648113, -0.07404588,  0.10149672, -0.84313113,  0.04577206],",
        "       [-0.03525117,  0.12688468,  0.02587349, -0.22438266, -0.20229041,",
        "         0.92882473,  0.09356077, -0.0636321 , -0.1018122 ,  0.06953735],",
        "       [-0.20408504, -0.18900254,  0.83307079, -0.05470696,  0.21030236,",
        "         0.04990118, -0.15062724, -0.28994353,  0.26709237,  0.02856881],",
        "       [ 0.24235423, -0.1064597 , -0.05633714, -0.4620137 ,  0.58790452,",
        "        -0.04328161,  0.56401597, -0.17078796, -0.13382888,  0.02454582]]))"
       ]
      }
     ],
     "prompt_number": 29
    },
    {
     "cell_type": "markdown",
     "source": [
      "least squares"
     ]
    },
    {
     "cell_type": "code",
     "collapsed": true,
     "input": [
      "noise = 0.2 * (np.random.random(10) - 0.5)"
     ],
     "language": "python",
     "outputs": [],
     "prompt_number": 45
    },
    {
     "cell_type": "code",
     "collapsed": false,
     "input": [
      "print noise"
     ],
     "language": "python",
     "outputs": [
      {
       "output_type": "stream",
       "stream": "stdout",
       "text": [
        "[ 0.09844248 -0.05086831 -0.01348811 -0.03582865 -0.05387882 -0.03029176",
        "  0.00311959 -0.05168688 -0.05845426 -0.04885509]"
       ]
      }
     ],
     "prompt_number": 46
    },
    {
     "cell_type": "code",
     "collapsed": false,
     "input": [
      "basis = np.random.random((10,3))"
     ],
     "language": "python",
     "outputs": [],
     "prompt_number": 33
    },
    {
     "cell_type": "code",
     "collapsed": false,
     "input": [
      "target = np.dot(basis, [1,2,3])"
     ],
     "language": "python",
     "outputs": [],
     "prompt_number": 41
    },
    {
     "cell_type": "code",
     "collapsed": false,
     "input": [
      "print target"
     ],
     "language": "python",
     "outputs": [
      {
       "output_type": "stream",
       "stream": "stdout",
       "text": [
        "[ 1.71477474  2.36108202  3.08004118  3.6741242   2.68431416  4.79047144",
        "  2.2652878   2.54379201  2.15615763  3.74856717]"
       ]
      }
     ],
     "prompt_number": 42
    },
    {
     "cell_type": "code",
     "collapsed": false,
     "input": [
      "noisytarget = target + noise"
     ],
     "language": "python",
     "outputs": [],
     "prompt_number": 47
    },
    {
     "cell_type": "code",
     "collapsed": false,
     "input": [
      "np.linalg.lstsq(basis, noisytarget)"
     ],
     "language": "python",
     "outputs": [
      {
       "output_type": "pyout",
       "prompt_number": 49,
       "text": [
        "(array([ 1.09758571,  1.88393389,  3.02220266]),",
        " array([ 0.00720658]),",
        " 3,",
        " array([ 2.65780956,  1.04030239,  0.58372759]))"
       ]
      }
     ],
     "prompt_number": 49
    },
    {
     "cell_type": "code",
     "collapsed": true,
     "input": [],
     "language": "python",
     "outputs": [],
     "prompt_number": "&nbsp;"
    }
   ]
  }
 ]
}